NaN	-4	-3	-2	-1	0	1	2
0	1.0071	0.99689	1.0013	0.9878	0.99841	0.98579	0.99472
1e-06	0.99791	0.9925	0.99326	0.98557	0.99022	0.98315	0.9913
2e-06	0.99644	0.98392	0.99223	0.97736	0.9827	0.97389	0.98704
3e-06	0.99718	0.97463	0.99766	0.98175	0.98302	0.97941	0.97277
4e-06	0.9912	0.97655	1.0048	0.97964	0.99173	0.99264	0.96574
5e-06	0.99229	0.98339	1.0045	0.9741	0.99704	0.98884	0.97337
6e-06	1.004	0.99298	1.006	0.97892	0.99611	0.98691	0.98507
7e-06	1.0107	1.0011	1.0104	0.98882	0.99688	0.99059	1.0002
8e-06	1.0146	1.0003	1.0021	0.99874	0.99594	0.99442	1.0061
9e-06	1.0139	1.0004	0.98985	1.0085	0.9996	0.99525	1.0099
1e-05	1.0132	1.0055	0.9925	0.99981	1.0044	0.99359	1.0093
1.1e-05	1.0183	1.0073	1.0014	0.99311	0.99824	0.99299	1.0037
1.2e-05	1.0175	1.0057	1.0051	0.99334	0.99651	0.99519	0.9977
1.3e-05	1.0127	0.9976	1.0018	0.98954	1.0004	0.9964	1.0012
1.4e-05	1.0089	0.99264	1.0003	0.99536	1.0076	0.99334	0.99865
1.5e-05	1.0063	0.9969	0.9967	0.99397	1.0134	0.99153	1.0009
1.6e-05	1.0075	1.0085	0.9973	0.99086	1.0138	0.99252	1.0041
1.7e-05	1.0096	1.0107	1.0071	1.0005	1.0185	0.98981	0.99837
1.8e-05	1.0193	1.013	1.0196	1.0016	1.0178	0.98961	1.0022
1.9e-05	1.0218	1.0233	1.028	0.99955	1.0095	0.99797	1.0025
2e-05	1.0109	1.0328	1.0319	1.0098	1.0124	1.0045	0.99529
2.1e-05	1.0082	1.0322	1.0243	1.0118	1.0192	1.0044	0.99213
2.2e-05	1.0176	1.0325	1.0179	1.0029	1.0144	0.99568	0.99175
2.3e-05	1.0276	1.0366	1.0252	1.001	1.0131	0.98568	0.98487
2.4e-05	1.033	1.0306	1.039	1.0043	1.0082	0.98139	0.97635
2.5e-05	1.0386	1.025	1.0329	1.0093	1.0023	0.9808	0.96866
2.6e-05	1.0371	1.0232	1.0138	1.0101	1.0031	0.97344	0.96228
2.7e-05	1.0412	1.0265	1.0094	1.0036	1.0052	0.96388	0.96102
2.8e-05	1.0454	1.0268	1.0076	0.99397	1.0034	0.95805	0.96568
2.9e-05	1.0346	1.027	1.0065	0.98667	0.99824	0.95753	0.96249
3e-05	1.0263	1.0244	1.0052	0.97328	0.9806	0.95962	0.95544
3.1e-05	1.023	1.0087	1.0016	0.96711	0.96457	0.95962	0.9524
3.2e-05	1.0159	1.0036	0.99655	0.9659	0.96268	0.95632	0.9544
3.3e-05	1.0058	1.0019	0.98832	0.96507	0.96483	0.9505	0.95724
3.4e-05	0.99559	0.99319	0.97912	0.9675	0.96073	0.95378	0.95659
3.5e-05	0.9914	0.98653	0.9663	0.96319	0.95632	0.95998	0.96298
3.6e-05	0.98945	0.98036	0.94049	0.95563	0.95447	0.96318	0.9751
3.7e-05	0.99056	0.97002	0.93474	0.94971	0.95487	0.96683	0.98071
3.8e-05	0.98449	0.96047	0.93634	0.95306	0.96095	0.97137	0.98683
3.9e-05	0.97915	0.95479	0.93921	0.95314	0.9668	0.9726	0.99368
4e-05	0.98205	0.95483	0.94089	0.95104	0.96713	0.98375	1.0001
4.1e-05	0.96964	0.95493	0.94394	0.95262	0.97624	0.99693	1.0056
4.2e-05	0.95911	0.95737	0.95018	0.95362	0.98834	0.99497	1.0074
4.3e-05	0.95353	0.95326	0.95886	0.96491	0.99719	0.9983	1.0193
4.4e-05	0.9478	0.94211	0.96838	0.97334	1.0122	1.0159	1.0297
4.5e-05	0.95508	0.94366	0.97646	0.9823	1.0246	1.0219	1.0378
4.6e-05	0.96439	0.95163	0.97524	1.0009	1.0295	1.0235	1.0436
4.7e-05	0.97308	0.96529	0.97948	1.0127	1.0297	1.0417	1.0375
4.8e-05	0.99116	0.98354	1.0034	1.0268	1.0376	1.0612	1.0365
4.9e-05	1.0225	1.0043	1.0181	1.04	1.0498	1.0667	1.0591
5e-05	1.0402	1.0266	1.0318	1.0492	1.0649	1.0721	1.0926
5.1e-05	1.0376	1.0421	1.0544	1.0562	1.0751	1.0837	1.1276
5.2e-05	1.0264	1.0407	1.0675	1.0685	1.0812	1.0943	1.1628
5.3e-05	1.0197	1.0234	1.06	1.0851	1.0941	1.1128	1.1893
5.4e-05	1.007	1.0034	1.0402	1.0855	1.1098	1.1434	1.201
5.5e-05	0.98102	0.98877	1.013	1.0729	1.1205	1.171	1.2054
5.6e-05	0.96097	0.97055	0.98517	1.0529	1.1216	1.1759	1.1934
5.7e-05	0.94391	0.93531	0.96071	1.0246	1.1102	1.164	1.1578
5.8e-05	0.91828	0.91721	0.945	0.99869	1.0761	1.1383	1.1147
5.9e-05	0.89548	0.91086	0.93325	0.97554	1.0278	1.0981	1.0669
6e-05	0.88632	0.89995	0.9328	0.9618	0.98317	1.0407	1.0028
6.1e-05	0.88582	0.88036	0.93575	0.95917	0.95329	0.96848	0.94453
6.2e-05	0.88863	0.876	0.94801	0.96136	0.93694	0.90949	0.89206
6.3e-05	0.88275	0.91203	0.97028	0.96735	0.93414	0.86189	0.84227
6.4e-05	0.8873	0.9476	0.98974	0.96527	0.93	0.82925	0.81383
6.5e-05	0.90049	0.96644	0.99663	0.96025	0.92197	0.83386	0.7947
6.6e-05	0.92157	0.9853	0.98949	0.95391	0.91767	0.8497	0.79365
6.7e-05	0.95476	0.99882	0.97183	0.94255	0.91746	0.86177	0.82045
6.8e-05	0.97981	1.0115	0.95959	0.938	0.90728	0.8686	0.8523
6.9e-05	1.0083	1.0178	0.95317	0.9356	0.90504	0.87933	0.87287
7e-05	1.0235	1.01	0.94071	0.92348	0.90286	0.8892	0.88857
7.1e-05	1.0213	0.99058	0.92784	0.91632	0.90304	0.89069	0.89466
7.2e-05	1.0241	0.95842	0.92218	0.91696	0.90842	0.89153	0.88834
7.3e-05	1.0147	0.93317	0.91884	0.91724	0.90788	0.88998	0.88243
7.4e-05	0.99419	0.92159	0.91161	0.91648	0.90458	0.88568	0.88289
7.5e-05	0.96768	0.92696	0.91693	0.91454	0.90339	0.88514	0.87986
7.6e-05	0.94235	0.93952	0.92234	0.91178	0.91088	0.88913	0.87406
7.7e-05	0.91973	0.94093	0.92788	0.92087	0.92506	0.88796	0.87611
7.8e-05	0.91608	0.94594	0.93437	0.92357	0.93357	0.88637	0.87753
7.9e-05	0.9173	0.94956	0.938	0.92341	0.93314	0.88405	0.87174
8e-05	0.92601	0.94089	0.93938	0.92437	0.93234	0.87849	0.87278
8.1e-05	0.936	0.93608	0.93386	0.92837	0.93739	0.88516	0.8852
8.2e-05	0.94378	0.9213	0.93453	0.93637	0.93503	0.89614	0.88672
8.3e-05	0.953	0.92417	0.94759	0.9326	0.92462	0.89565	0.88411
8.4e-05	0.95486	0.9488	0.95436	0.92403	0.92087	0.88779	0.89006
8.5e-05	0.95565	0.95744	0.9554	0.91482	0.91912	0.89596	0.89846
8.6e-05	0.9659	0.95919	0.94611	0.90745	0.92195	0.90294	0.9059
8.7e-05	0.96888	0.96821	0.93931	0.90634	0.92508	0.89689	0.9128
8.8e-05	0.97396	0.97759	0.93953	0.91446	0.92538	0.89725	0.91587
8.9e-05	0.97079	0.97708	0.94407	0.92568	0.92585	0.90941	0.91402
9e-05	0.9555	0.96424	0.95191	0.92784	0.92904	0.91455	0.90866
9.1e-05	0.95726	0.95891	0.95521	0.92281	0.93682	0.91287	0.90559
9.2e-05	0.96955	0.96098	0.95182	0.91165	0.94213	0.91852	0.91346
9.3e-05	0.99522	0.96907	0.9555	0.92118	0.93259	0.92318	0.91746
9.4e-05	1.0231	0.98832	0.9659	0.93518	0.92658	0.92143	0.91962
9.5e-05	1.0503	1.0131	0.97844	0.94163	0.9223	0.92275	0.91503
9.6e-05	1.071	1.0475	1.0012	0.94775	0.92069	0.92194	0.89907
9.7e-05	1.1022	1.0826	1.0313	0.95232	0.93099	0.91257	0.88344
9.8e-05	1.1248	1.1024	1.0506	0.96103	0.94379	0.91163	0.87446
9.9e-05	1.1264	1.1013	1.0551	0.98397	0.9506	0.91705	0.87253
0.0001	1.1253	1.084	1.0551	1.0116	0.9554	0.90379	0.87818
0.000101	1.1108	1.0558	1.0322	1.0245	0.97022	0.89543	0.90654
0.000102	1.0804	1.0263	0.99629	1.0191	0.98329	0.90403	0.94672
0.000103	1.0432	0.9954	0.95532	0.9992	0.98467	0.92604	0.98489
0.000104	1.0111	0.97092	0.92553	0.97054	0.98588	0.96967	1.0258
0.000105	0.9815	0.93594	0.90859	0.95172	0.99291	1.015	1.0599
0.000106	0.95072	0.89621	0.88204	0.92784	1.0044	1.0484	1.0793
0.000107	0.91857	0.8753	0.86182	0.90947	1.0119	1.0692	1.0868
0.000108	0.89316	0.86702	0.85867	0.91151	1.009	1.0648	1.0884
0.000109	0.86378	0.86674	0.87645	0.92065	1.0001	1.0437	1.0757
0.00011	0.83769	0.86876	0.90696	0.93816	1.0058	1.0173	1.0505
0.000111	0.82999	0.87767	0.93561	0.96636	1.0095	0.99565	1.0119
0.000112	0.84363	0.89507	0.96541	0.98715	1.0006	0.99084	0.97501
0.000113	0.8527	0.91084	0.99158	0.99742	0.99663	0.98476	0.95465
0.000114	0.8699	0.93539	1.0176	1.0037	0.99914	0.97451	0.94787
0.000115	0.89841	0.97171	1.0406	1.0039	0.99906	0.95802	0.94884
0.000116	0.92879	1.0068	1.031	0.9934	0.99807	0.95474	0.95017
0.000117	0.96067	1.0287	1.0143	0.97998	0.98734	0.96155	0.94465
0.000118	0.97917	1.0345	1.015	0.96855	0.97544	0.95955	0.94141
0.000119	0.99366	1.0275	1.0019	0.96568	0.97347	0.95679	0.94558
0.00012	1.0043	1.0155	0.98541	0.97076	0.97174	0.95363	0.94241
0.000121	1.0141	1.0075	0.98463	0.96942	0.96908	0.95894	0.9438
0.000122	1.0221	0.99745	0.97893	0.96868	0.96582	0.9559	0.9541
0.000123	1.0182	0.98416	0.9693	0.96564	0.96595	0.94744	0.94934
0.000124	1.002	0.97722	0.9641	0.96251	0.96717	0.95598	0.92989
0.000125	0.99217	0.98391	0.96745	0.95578	0.9681	0.96015	0.9241
0.000126	0.9806	0.99042	0.97426	0.95191	0.96914	0.95426	0.94736
0.000127	0.96692	0.99067	0.97711	0.95488	0.97011	0.96549	0.97785
0.000128	0.96293	0.98116	0.97952	0.96595	0.97127	0.97567	1.0154
0.000129	0.96135	0.97444	0.977	0.97208	0.96756	0.97972	1.074
0.00013	0.97072	0.97053	0.96658	0.96464	0.96593	0.98017	1.0868
0.000131	0.98057	0.96375	0.95914	0.96022	0.96934	0.97941	1.0468
0.000132	0.97993	0.96794	0.96015	0.96717	0.97566	0.98732	1.0082
0.000133	0.97743	0.9747	0.96086	0.97675	0.9773	0.99116	1.0101
0.000134	0.97092	0.97648	0.96908	0.98183	0.98601	0.99869	1.0205
0.000135	0.96832	0.97636	0.96694	0.9785	0.99896	1.0124	1.0249
0.000136	0.97101	0.97093	0.96318	0.97938	0.99671	1.0161	1.027
0.000137	0.97397	0.9694	0.97012	0.99872	0.99907	1.01	1.0236
0.000138	0.97921	0.97193	0.97779	1.0204	1.0112	1.0075	1.019
0.000139	0.98092	0.97866	0.98488	1.0205	1.0192	1.0104	1.019
0.00014	0.97914	0.98659	0.98523	1.0123	1.0204	1.0107	1.0178
0.000141	0.98051	0.99286	0.98853	1.0248	1.0197	1.0085	1.0151
0.000142	0.98172	1.0046	1.0001	1.0354	1.0208	1.0096	1.0152
0.000143	0.98303	1.0142	1.0012	1.0271	1.0202	1.0145	1.0112
0.000144	0.98929	1.02	1.0002	1.0139	1.0122	1.0185	1.0033
0.000145	0.99756	1.0245	1.0044	1.0038	0.99937	1.0166	0.99854
0.000146	1.0095	1.0281	1.0056	1.0011	0.98958	1.0183	1.0053
0.000147	1.0185	1.0223	1.0029	1.0048	0.98719	1.0154	1.0123
0.000148	1.0233	1.0143	1.0081	1.0023	0.9896	1.0054	1.0087
0.000149	1.0312	1.0111	1.0167	0.99282	0.99005	1.0011	1.0073
