NaN	-4	-3	-2	-1	0	1	2	3	4
0	0.99475	1.0011	1.0002	1.0001	1.0001	1.0001	1.0001	1	1.0019
1.0049e-06	0.99613	0.99983	1.0002	1.0001	1.0001	1.0001	1	0.99982	1.0017
2.0097e-06	1.0012	0.99946	1.0001	1.0001	1.0001	1.0001	1.0001	0.99966	1.0005
3.0146e-06	1.007	1.0006	1.0002	1.0001	1.0001	1.0001	1.0001	0.99967	0.99869
4.0195e-06	1.0094	1.0024	1.0002	1.0001	1.0001	1.0001	1.0001	0.99998	0.99708
5.0243e-06	1.0052	1.0024	1.0002	1.0001	1.0001	1.0001	1.0001	1.0004	0.9972
6.0292e-06	0.99775	1.0004	1.0002	1.0001	1.0001	1.0001	1.0001	1.0007	0.99913
7.0341e-06	0.99101	0.99814	1.0002	1.0001	1.0001	1.0001	1	1.0006	1.0023
8.0389e-06	0.98972	0.99827	1.0004	1.0001	1.0001	1.0001	0.99996	0.99997	1.0052
9.0438e-06	0.99599	1.0015	1.0005	1.0001	1.0001	1.0001	0.99997	0.9991	1.0056
1.0049e-05	1.0061	1.0046	1.0003	1.0001	1.0001	1.0002	1.0001	0.9986	1.0029
1.1054e-05	1.015	1.0049	1.0002	1.0001	1.0001	1.0002	1.0002	0.99891	0.99786
1.2058e-05	1.0177	1.0011	1.0005	1.0001	1.0001	1.0001	1.0003	1.0002	0.99269
1.3063e-05	1.0111	0.99606	1.001	1.0001	1.0001	1.0001	1.0003	1.0018	0.99094
1.4068e-05	0.99885	0.99446	1.0008	1.0001	1.0001	1.0001	1	1.0027	0.99396
1.5073e-05	0.98566	0.9978	1.0002	1.0001	1.0001	1.0001	0.9997	1.0021	1.0011
1.6078e-05	0.97792	1.0053	1	1.0001	1.0001	1.0001	0.99953	0.99977	1.0102
1.7083e-05	0.98048	1.0107	1.0011	1.0001	1.0001	1.0002	0.99974	0.99694	1.0161
1.8088e-05	0.99168	1.0104	1.0021	1.0001	1.0001	1.0002	1.0003	0.9953	1.016
1.9092e-05	1.009	1.0034	1.0018	1.0001	1.0001	1.0002	1.0009	0.99613	1.009
2.0097e-05	1.026	0.99274	0.99975	1.0001	1.0001	1.0001	1.0011	1.0003	0.99569
2.1102e-05	1.0358	0.98583	0.99866	1.0001	1.0001	1	1.0006	1.0055	0.98244
2.2107e-05	1.0356	0.98648	1.0001	1.0001	1.0001	1	0.99954	1.0092	0.97402
2.3112e-05	1.024	0.99619	1.0037	1.0002	1.0001	1	0.99837	1.0089	0.97492
2.4117e-05	1.0034	1.0113	1.0057	1.0002	1.0001	1.0002	0.99812	1.0029	0.98746
2.5122e-05	0.98037	1.0241	1.0033	1.0001	1.0001	1.0004	0.99924	0.99397	1.007
2.6127e-05	0.96074	1.0285	0.99782	1.0002	1.0001	1.0005	1.0014	0.98598	1.0279
2.7131e-05	0.94839	1.0223	0.99302	1.0003	1.0001	1.0003	1.0036	0.98271	1.0445
2.8136e-05	0.94879	1.0049	0.99478	1.0003	1.0001	0.99992	1.004	0.98878	1.0497
2.9141e-05	0.9615	0.98381	1.0029	1.0002	1.0001	0.99956	1.0017	1.0024	1.0425
3.0146e-05	0.98396	0.96574	1.0126	1.0003	1.0001	0.9995	0.99758	1.0189	1.0248
3.1151e-05	1.0136	0.95606	1.0184	1.0007	1.0002	0.99993	0.99325	1.0335	0.99875
3.2156e-05	1.0452	0.96191	1.0129	1.0011	1.0002	1.0008	0.99256	1.0371	0.96918
3.3161e-05	1.0722	0.97975	0.9994	1.0006	1.0001	1.0014	0.99663	1.0288	0.94334
3.4165e-05	1.0914	1.0064	0.98298	0.99986	1	1.0014	1.0048	1.0098	0.92543
3.517e-05	1.0993	1.0374	0.97149	1.0002	0.99993	1.0003	1.0146	0.98272	0.92066
3.6175e-05	1.0953	1.0647	0.97358	1.0027	0.99992	0.99867	1.0197	0.9565	0.93037
3.718e-05	1.0821	1.0838	0.98844	1.0052	1	0.99771	1.017	0.93786	0.95044
3.8185e-05	1.0603	1.0909	1.0137	1.0045	1.0003	0.99832	1.0047	0.93193	0.97876
3.919e-05	1.0298	1.0837	1.0425	0.99883	1.0005	1.001	0.98504	0.94225	1.0135
4.0195e-05	0.9925	1.0628	1.0648	0.99237	1.0004	1.0043	0.96555	0.96745	1.0525
4.1199e-05	0.95125	1.0315	1.0746	0.99182	1.0001	1.0059	0.95407	1.0028	1.0934
4.2204e-05	0.9102	0.99263	1.0686	1.0012	0.99965	1.0038	0.95637	1.0442	1.1323
4.3209e-05	0.87352	0.94992	1.0454	1.0198	0.9993	0.9972	0.97657	1.087	1.1644
4.4214e-05	0.84417	0.9079	1.0087	1.0379	0.99951	0.98874	1.0124	1.1262	1.1854
4.5219e-05	0.82134	0.8698	0.96455	1.0449	1.0003	0.98386	1.0565	1.1581	1.1956
4.6224e-05	0.80286	0.83699	0.91809	1.0354	1.0013	0.98707	1.102	1.181	1.1981
4.7229e-05	0.78808	0.81172	0.87473	1.0045	1.0017	1.0046	1.1408	1.1918	1.1952
4.8234e-05	0.77748	0.79444	0.83941	0.95977	1.0009	1.0353	1.1664	1.1918	1.1892
4.9238e-05	0.77323	0.78473	0.8133	0.91121	0.99877	1.0723	1.1783	1.1835	1.1786
5.0243e-05	0.77752	0.78308	0.79759	0.86617	0.99474	1.1088	1.1759	1.1677	1.1608
5.1248e-05	0.79306	0.79119	0.79507	0.83572	0.98633	1.1314	1.1577	1.1428	1.1314
5.2253e-05	0.81437	0.80568	0.80246	0.82144	0.97316	1.1343	1.1294	1.111	1.0946
5.3258e-05	0.83772	0.8248	0.8185	0.82328	0.95721	1.1163	1.0932	1.0739	1.0543
5.4263e-05	0.85855	0.84705	0.84246	0.84137	0.94359	1.0772	1.0509	1.034	1.0164
5.5268e-05	0.87694	0.87278	0.87318	0.87368	0.94182	1.0221	1.0046	0.99467	0.9841
5.6272e-05	0.8953	0.902	0.90798	0.91424	0.95212	0.9622	0.95736	0.95712	0.9567
5.7277e-05	0.91864	0.93599	0.94588	0.96027	0.97056	0.90478	0.91124	0.92048	0.9311
5.8282e-05	0.94979	0.97318	0.98537	1.0079	0.98829	0.85657	0.8684	0.88315	0.90277
5.9287e-05	0.98909	1.0105	1.0245	1.0519	0.99554	0.82597	0.832	0.84603	0.86969
6.0292e-05	1.0321	1.0433	1.0605	1.0866	0.99135	0.81579	0.80382	0.81247	0.83245
6.1297e-05	1.0718	1.0703	1.0916	1.1077	0.98003	0.82551	0.78489	0.78679	0.7961
6.2302e-05	1.1033	1.0922	1.1158	1.1111	0.96669	0.85396	0.77728	0.77178	0.76548
6.3307e-05	1.1205	1.1116	1.1301	1.0927	0.95752	0.8948	0.78483	0.76933	0.7479
6.4311e-05	1.1269	1.1312	1.1346	1.0597	0.95337	0.93468	0.80555	0.77403	0.74408
6.5316e-05	1.1264	1.1492	1.1286	1.0185	0.95309	0.96539	0.83754	0.78323	0.75274
6.6321e-05	1.1239	1.1601	1.1092	0.97788	0.95472	0.97803	0.87828	0.79604	0.77273
6.7326e-05	1.1249	1.1552	1.0764	0.94882	0.95561	0.97363	0.92075	0.81528	0.79828
6.8331e-05	1.1297	1.1338	1.035	0.93368	0.95527	0.96218	0.95948	0.84301	0.82465
6.9336e-05	1.1373	1.0955	0.98996	0.93281	0.95399	0.95101	0.99028	0.88183	0.84843
7.0341e-05	1.1414	1.047	0.95015	0.9426	0.95267	0.94678	1.007	0.93054	0.86825
7.1345e-05	1.1363	0.99888	0.92331	0.95432	0.95205	0.94784	1.0069	0.97995	0.88544
7.235e-05	1.1183	0.95951	0.91222	0.96277	0.95207	0.95012	0.99122	1.0209	0.90151
7.3355e-05	1.0845	0.93432	0.9157	0.9652	0.95244	0.95096	0.96384	1.0429	0.91982
7.436e-05	1.0371	0.92394	0.92984	0.96187	0.95268	0.95005	0.93603	1.0397	0.94145
7.5365e-05	0.98155	0.92596	0.94629	0.95658	0.95258	0.94909	0.92033	1.0134	0.96637
7.637e-05	0.92473	0.93476	0.96028	0.95264	0.95224	0.94867	0.92319	0.97239	0.99344
7.7375e-05	0.87371	0.94631	0.97075	0.95161	0.95185	0.94865	0.94009	0.92821	1.0183
7.838e-05	0.83662	0.95741	0.97648	0.95383	0.95165	0.9487	0.96127	0.89315	1.0358
7.9384e-05	0.81927	0.96244	0.98072	0.95667	0.95165	0.94884	0.96963	0.87986	1.0426
8.0389e-05	0.82097	0.96162	0.98292	0.95801	0.95173	0.94886	0.96242	0.88803	1.0389
8.1394e-05	0.84159	0.9544	0.98255	0.9569	0.95178	0.94853	0.9422	0.9167	1.0254
8.2399e-05	0.88308	0.941	0.97593	0.95373	0.95172	0.94793	0.92248	0.96121	1.0039
8.3404e-05	0.93421	0.92679	0.96355	0.9518	0.95167	0.94813	0.91626	1.0045	0.98106
8.4409e-05	0.98976	0.91575	0.94601	0.95276	0.95172	0.94949	0.92632	1.0374	0.95964
8.5414e-05	1.0429	0.9149	0.92657	0.95777	0.95195	0.9512	0.95188	1.0479	0.94129
8.6418e-05	1.0849	0.92914	0.91186	0.96336	0.95221	0.9506	0.97983	1.0331	0.92672
8.7423e-05	1.1143	0.95853	0.90674	0.96562	0.95233	0.94731	1.0021	1.0009	0.91203
8.8428e-05	1.1293	1.0017	0.91745	0.96036	0.95219	0.94335	1.0118	0.95743	0.89436
8.9433e-05	1.1329	1.0518	0.94336	0.94842	0.95196	0.94412	1.0071	0.91347	0.87125
9.0438e-05	1.1312	1.0992	0.9818	0.93494	0.95198	0.95292	0.98813	0.87575	0.84101
9.1443e-05	1.1297	1.1347	1.0264	0.92872	0.95257	0.96826	0.95526	0.84473	0.80739
9.2448e-05	1.1315	1.1547	1.0696	0.93707	0.95359	0.98131	0.91389	0.81868	0.77463
9.3452e-05	1.1379	1.1592	1.1059	0.96216	0.95449	0.98347	0.86948	0.79479	0.7476
9.4457e-05	1.1444	1.1519	1.1296	1.0026	0.95445	0.96572	0.82925	0.7736	0.73362
9.5462e-05	1.1444	1.139	1.1404	1.047	0.95363	0.93095	0.79815	0.75892	0.7341
9.6467e-05	1.1343	1.1236	1.1396	1.0866	0.95335	0.88727	0.77721	0.75327	0.74748
9.7472e-05	1.1097	1.1058	1.1271	1.1113	0.95604	0.84426	0.76902	0.76085	0.77195
9.8477e-05	1.0735	1.083	1.1047	1.1151	0.96345	0.81465	0.77389	0.77976	0.8003
9.9482e-05	1.0327	1.0549	1.0755	1.1014	0.97299	0.80167	0.78918	0.80452	0.82753
0.00010049	0.99277	1.0213	1.0406	1.0717	0.98092	0.80842	0.81441	0.8325	0.85173
0.00010149	0.95997	0.98438	1.0016	1.0296	0.98063	0.83638	0.8486	0.86245	0.8735
0.0001025	0.93393	0.94789	0.96143	0.98228	0.9731	0.87846	0.88835	0.89564	0.89772
0.0001035	0.91172	0.91357	0.92163	0.93342	0.96227	0.93113	0.93229	0.93297	0.92754
0.00010451	0.88985	0.88257	0.8843	0.88794	0.95585	0.98985	0.97884	0.97379	0.96456
0.00010551	0.86459	0.85443	0.85086	0.85007	0.95805	1.0482	1.0259	1.0151	1.0065
0.00010652	0.83702	0.82865	0.82239	0.82304	0.96725	1.1006	1.0715	1.0544	1.0475
0.00010752	0.81075	0.80656	0.80153	0.81288	0.97888	1.1377	1.1127	1.0908	1.083
0.00010853	0.78881	0.78863	0.78838	0.81896	0.98856	1.1567	1.1482	1.1247	1.1122
0.00010953	0.77487	0.77695	0.78521	0.84363	0.99471	1.1521	1.175	1.1559	1.1367
0.00011054	0.76896	0.7735	0.79428	0.88508	0.99807	1.1239	1.1893	1.1809	1.16
0.00011154	0.76847	0.77747	0.81396	0.93438	1.0002	1.0832	1.1914	1.1987	1.1831
0.00011254	0.77198	0.789	0.84405	0.98499	1.0012	1.0381	1.1805	1.2079	1.2045
0.00011355	0.78013	0.80999	0.88513	1.0239	1.001	1.0024	1.1532	1.2057	1.2173
0.00011455	0.79353	0.83831	0.93158	1.045	1.0002	0.98212	1.115	1.1941	1.2199
0.00011556	0.81332	0.87316	0.97984	1.0473	0.99954	0.97705	1.0693	1.1731	1.2127
0.00011656	0.8415	0.91419	1.0242	1.0314	0.99948	0.98541	1.0214	1.1413	1.1963
0.00011757	0.87662	0.95818	1.0579	1.0106	0.9999	0.99698	0.98056	1.1015	1.1741
0.00011857	0.91554	1.0018	1.0782	0.99459	1.0003	1.0057	0.95193	1.0578	1.1469
0.00011958	0.95621	1.0414	1.0805	0.98987	1.0004	1.008	0.94185	1.0136	1.1131
0.00012058	0.99587	1.0725	1.0657	0.99463	1.0003	1.0051	0.95058	0.97424	1.0731
0.00012159	1.0328	1.0924	1.0393	1.0017	1	1.0007	0.97205	0.94366	1.0303
0.00012259	1.0651	1.0985	1.0085	1.0054	0.99994	0.99775	0.9983	0.92617	0.98934
0.0001236	1.0901	1.0903	0.9827	1.0042	0.99998	0.9976	1.0192	0.92417	0.95497
0.0001246	1.1058	1.0696	0.96838	1.0011	1.0001	0.99926	1.0289	0.93676	0.92954
0.00012561	1.1094	1.0397	0.96967	0.99926	1.0001	1.001	1.0251	0.96173	0.9152
0.00012661	1.1001	1.007	0.98332	0.99962	1.0002	1.0016	1.0128	0.99225	0.91357
0.00012762	1.0805	0.97746	1.0015	1.0006	1.0001	1.0011	0.99906	1.0214	0.92347
0.00012862	1.0519	0.95742	1.0164	1.0009	1.0001	1.0001	0.99007	1.0419	0.94556
0.00012963	1.0193	0.95242	1.0199	1.0004	1.0001	0.99947	0.98963	1.047	0.97536
0.00013063	0.98767	0.96011	1.0141	0.99999	1.0001	0.9995	0.99448	1.0392	1.0065
0.00013164	0.96088	0.97866	1.0025	0.99998	1.0001	0.99998	1.0015	1.0208	1.0345
0.00013264	0.94569	1.0022	0.99386	1.0002	1.0001	1.0004	1.0056	0.99898	1.0521
0.00013365	0.94219	1.0219	0.99227	1.0003	1.0001	1.0005	1.0057	0.98265	1.0583
0.00013465	0.95049	1.0329	0.99709	1.0002	1.0001	1.0004	1.0027	0.97572	1.0522
0.00013566	0.97036	1.0301	1.0039	1.0001	1.0001	1.0001	0.999	0.98145	1.0335
0.00013666	0.99538	1.0171	1.0066	1.0001	1.0001	0.99997	0.99729	0.99409	1.0089
0.00013767	1.0198	1.0001	1.0047	1.0002	1.0001	1	0.99775	1.0073	0.98514
0.00013867	1.0366	0.98669	1.0004	1.0002	1.0001	1.0001	0.99968	1.0146	0.96978
0.00013968	1.0427	0.98201	0.99804	1.0001	1.0001	1.0002	1.0013	1.0141	0.96577
0.00014068	1.0364	0.98749	0.99908	1.0001	1.0001	1.0002	1.0017	1.0072	0.97396
0.00014169	1.0199	0.99929	1.0014	1.0001	1.0001	1.0002	1.0009	0.99859	0.99096
0.00014269	1.0001	1.0098	1.0024	1.0001	1.0001	1.0001	0.99987	0.99314	1.009
0.0001437	0.98245	1.0145	1.0014	1.0001	1.0001	1.0001	0.99922	0.99259	1.0227
0.0001447	0.97444	1.0099	0.99995	1.0001	1.0001	1.0001	0.9994	0.99686	1.0251
0.00014571	0.97723	1.0015	0.99968	1.0001	1.0001	1.0001	0.99993	1.0017	1.018
0.00014671	0.98851	0.99413	1.0003	1.0001	1.0001	1.0002	1.0004	1.0048	1.0053
0.00014772	1.0044	0.99295	1.0009	1.0001	1.0001	1.0002	1.0005	1.0043	0.99243
0.00014872	1.0165	0.9977	1.0006	1.0001	1.0001	1.0001	1.0003	1.0015	0.98624
0.00014972	1.021	1.0037	1.0001	1.0001	1.0001	1.0001	1	0.99865	0.98733
0.00015073	1.0159	1.0068	0.99995	1.0001	1.0001	1.0001	0.99985	0.99733	0.99494
0.00015173	1.0042	1.0045	1.0002	1.0001	1.0001	1.0001	0.99991	0.99816	1.004
0.00015274	0.99292	1.0001	1.0004	1.0001	1.0001	1.0001	1	0.99989	1.0097
0.00015374	0.98711	0.99716	1.0003	1.0001	1.0001	1.0001	1.0001	1.0013	1.0098
0.00015475	0.98987	0.99818	1.0001	1.0001	1.0001	1.0001	1.0002	1.0015	1.0048
0.00015575	0.99838	1.0013	1.0001	1.0001	1.0001	1.0001	1.0001	1.0007	0.99863
0.00015676	1.0075	1.0034	1.0002	1.0001	1.0001	1.0001	1	0.99969	0.99457
0.00015776	1.0111	1.0025	1.0002	1.0001	1.0001	1.0001	1	0.99921	0.99479
0.00015877	1.0086	1.0002	1.0001	1.0001	1.0001	1.0001	1	0.99934	0.99788
0.00015977	1.0012	0.99888	1.0001	1.0001	1.0001	1.0001	1.0001	0.99991	1.0019
0.00016078	0.99511	0.99988	1.0001	1.0001	1.0001	1.0001	1.0001	1.0003	1.0039
0.00016178	0.99375	1.0013	1.0001	1.0001	1.0001	1.0001	1.0001	1.0004	1.0034
0.00016279	0.99753	1.0018	1.0001	1.0001	1.0001	1.0001	1.0001	1.0002	1.001
